#snapno time[Myr] time[FP] #1:snapshot #2:rc #3:rh #4:rc/rh
0000 0.0 0.0 n2e5_w5_r2_Rg8_z0.001.out.snap0000.dat.gz 74.45 0.96 77.73
0001 100.930027759 0.033528229 n2e5_w5_r2_Rg8_z0.001.out.snap0001.dat.gz 1.13 1.3 0.87
0002 107.832230237 0.035821091 n2e5_w5_r2_Rg8_z0.001.out.snap0002.dat.gz 0.69 1.37 0.5
0003 120.554113253 0.040047209 n2e5_w5_r2_Rg8_z0.001.out.snap0003.dat.gz 0.62 1.56 0.4
0004 131.798486843 0.043782509 n2e5_w5_r2_Rg8_z0.001.out.snap0004.dat.gz 0.8 1.56 0.51
0005 138.701619504 0.04607568 n2e5_w5_r2_Rg8_z0.001.out.snap0005.dat.gz 1.06 1.57 0.67
0006 153.585638453 0.051020044 n2e5_w5_r2_Rg8_z0.001.out.snap0006.dat.gz 0.78 1.69 0.46
0007 168.715632026 0.056046119 n2e5_w5_r2_Rg8_z0.001.out.snap0007.dat.gz 0.86 1.6 0.54
0008 177.464478957 0.058952423 n2e5_w5_r2_Rg8_z0.001.out.snap0008.dat.gz 0.72 1.62 0.45
0009 199.108171711 0.066142302 n2e5_w5_r2_Rg8_z0.001.out.snap0009.dat.gz 0.9 1.89 0.48
0010 216.300922183 0.07185361 n2e5_w5_r2_Rg8_z0.001.out.snap0010.dat.gz 1.18 1.86 0.64
0011 223.791243962 0.074341841 n2e5_w5_r2_Rg8_z0.001.out.snap0011.dat.gz 0.73 1.89 0.39
0012 234.485268486 0.077894319 n2e5_w5_r2_Rg8_z0.001.out.snap0012.dat.gz 0.79 1.98 0.4
0013 243.016693489 0.080728397 n2e5_w5_r2_Rg8_z0.001.out.snap0013.dat.gz 1.01 1.92 0.53
0014 254.509744952 0.084546306 n2e5_w5_r2_Rg8_z0.001.out.snap0014.dat.gz 0.79 2.08 0.38
0015 264.494621063 0.08786321 n2e5_w5_r2_Rg8_z0.001.out.snap0015.dat.gz 1.07 2.11 0.51
0016 303.065414345 0.10067615 n2e5_w5_r2_Rg8_z0.001.out.snap0016.dat.gz 1.27 2.22 0.57
0017 330.764900516 0.10987772 n2e5_w5_r2_Rg8_z0.001.out.snap0017.dat.gz 1.02 2.17 0.47
0018 346.51171961 0.1151087 n2e5_w5_r2_Rg8_z0.001.out.snap0018.dat.gz 1.33 2.22 0.6
0019 357.349190949 0.11870883 n2e5_w5_r2_Rg8_z0.001.out.snap0019.dat.gz 1.23 2.28 0.54
0020 366.49740234 0.1217478 n2e5_w5_r2_Rg8_z0.001.out.snap0020.dat.gz 1.5 2.28 0.66
0021 381.350884806 0.12668202 n2e5_w5_r2_Rg8_z0.001.out.snap0021.dat.gz 1.37 2.23 0.61
0022 396.475504993 0.13170631 n2e5_w5_r2_Rg8_z0.001.out.snap0022.dat.gz 1.31 2.38 0.55
0023 409.955086539 0.13618413 n2e5_w5_r2_Rg8_z0.001.out.snap0023.dat.gz 1.68 2.32 0.73
0024 428.628278469 0.14238723 n2e5_w5_r2_Rg8_z0.001.out.snap0024.dat.gz 1.36 2.4 0.57
0025 452.06307263 0.1501721 n2e5_w5_r2_Rg8_z0.001.out.snap0025.dat.gz 1.34 2.38 0.56
0026 462.434489323 0.15361741 n2e5_w5_r2_Rg8_z0.001.out.snap0026.dat.gz 1.48 2.38 0.62
0027 476.104773374 0.15815858 n2e5_w5_r2_Rg8_z0.001.out.snap0027.dat.gz 1.31 2.42 0.54
0028 490.544249281 0.16295527 n2e5_w5_r2_Rg8_z0.001.out.snap0028.dat.gz 1.22 2.44 0.5
0029 505.15904506 0.1678102 n2e5_w5_r2_Rg8_z0.001.out.snap0029.dat.gz 1.2 2.5 0.48
0030 534.5871358 0.177586 n2e5_w5_r2_Rg8_z0.001.out.snap0030.dat.gz 1.75 2.61 0.67
0031 552.261480087 0.18345729 n2e5_w5_r2_Rg8_z0.001.out.snap0031.dat.gz 0.84 2.28 0.37
0032 571.489470307 0.18984469 n2e5_w5_r2_Rg8_z0.001.out.snap0032.dat.gz 1.6 2.69 0.6
0033 585.985329133 0.19466011 n2e5_w5_r2_Rg8_z0.001.out.snap0033.dat.gz 1.56 2.69 0.58
0034 597.983030298 0.19864566 n2e5_w5_r2_Rg8_z0.001.out.snap0034.dat.gz 1.61 2.71 0.59
0035 637.628470577 0.21181559 n2e5_w5_r2_Rg8_z0.001.out.snap0035.dat.gz 1.76 2.75 0.64
0036 660.031785443 0.21925781 n2e5_w5_r2_Rg8_z0.001.out.snap0036.dat.gz 1.77 2.83 0.62
0037 681.67882264 0.2264488 n2e5_w5_r2_Rg8_z0.001.out.snap0037.dat.gz 1.83 2.82 0.65
0038 709.556458365 0.23570955 n2e5_w5_r2_Rg8_z0.001.out.snap0038.dat.gz 1.87 2.84 0.66
0039 743.416433177 0.24695759 n2e5_w5_r2_Rg8_z0.001.out.snap0039.dat.gz 1.83 2.89 0.63
0040 752.627740456 0.25001752 n2e5_w5_r2_Rg8_z0.001.out.snap0040.dat.gz 1.75 2.97 0.59
0041 786.884773838 0.26139746 n2e5_w5_r2_Rg8_z0.001.out.snap0041.dat.gz 1.78 2.91 0.61
0042 804.281959804 0.26717668 n2e5_w5_r2_Rg8_z0.001.out.snap0042.dat.gz 1.61 2.92 0.55
0043 829.05407974 0.2754058 n2e5_w5_r2_Rg8_z0.001.out.snap0043.dat.gz 1.67 2.96 0.56
0044 872.728866775 0.28991425 n2e5_w5_r2_Rg8_z0.001.out.snap0044.dat.gz 1.82 3.01 0.61
0045 891.646765992 0.29619864 n2e5_w5_r2_Rg8_z0.001.out.snap0045.dat.gz 1.88 3.13 0.6
0046 936.92306273 0.3112391 n2e5_w5_r2_Rg8_z0.001.out.snap0046.dat.gz 1.98 3.23 0.61
0047 968.409265477 0.32169859 n2e5_w5_r2_Rg8_z0.001.out.snap0047.dat.gz 2.02 3.19 0.63
0048 987.487312654 0.32803618 n2e5_w5_r2_Rg8_z0.001.out.snap0048.dat.gz 2.05 3.22 0.64
0049 1007.67513703 0.33474243 n2e5_w5_r2_Rg8_z0.001.out.snap0049.dat.gz 2.2 3.22 0.68
0050 1030.71239097 0.34239524 n2e5_w5_r2_Rg8_z0.001.out.snap0050.dat.gz 2.22 3.32 0.67
0051 1043.2796409 0.34656999 n2e5_w5_r2_Rg8_z0.001.out.snap0051.dat.gz 2.16 3.28 0.66
0052 1078.73128173 0.35834677 n2e5_w5_r2_Rg8_z0.001.out.snap0052.dat.gz 2.17 3.39 0.64
0053 1107.96535864 0.36805812 n2e5_w5_r2_Rg8_z0.001.out.snap0053.dat.gz 2.29 3.3 0.7
0054 1141.36599177 0.37915357 n2e5_w5_r2_Rg8_z0.001.out.snap0054.dat.gz 2.22 3.41 0.65
0055 1170.6123808 0.38886901 n2e5_w5_r2_Rg8_z0.001.out.snap0055.dat.gz 2.39 3.42 0.7
0056 1240.2335155 0.41199665 n2e5_w5_r2_Rg8_z0.001.out.snap0056.dat.gz 2.34 3.55 0.66
0057 1275.50839151 0.42371471 n2e5_w5_r2_Rg8_z0.001.out.snap0057.dat.gz 2.28 3.51 0.65
0058 1301.134955 0.43222767 n2e5_w5_r2_Rg8_z0.001.out.snap0058.dat.gz 1.88 3.54 0.53
0059 1329.700655 0.44171699 n2e5_w5_r2_Rg8_z0.001.out.snap0059.dat.gz 2.27 3.66 0.62
0060 1401.00716635 0.4654045 n2e5_w5_r2_Rg8_z0.001.out.snap0060.dat.gz 2.31 3.65 0.63
0061 1441.65858868 0.47890861 n2e5_w5_r2_Rg8_z0.001.out.snap0061.dat.gz 2.37 3.76 0.63
0062 1478.81508282 0.49125173 n2e5_w5_r2_Rg8_z0.001.out.snap0062.dat.gz 2.21 3.83 0.58
0063 1505.18215 0.50001068 n2e5_w5_r2_Rg8_z0.001.out.snap0063.dat.gz 2.26 3.85 0.59
0064 1517.68061457 0.50416258 n2e5_w5_r2_Rg8_z0.001.out.snap0064.dat.gz 2.41 3.77 0.64
0065 1546.19420628 0.51363459 n2e5_w5_r2_Rg8_z0.001.out.snap0065.dat.gz 2.3 3.85 0.6
0066 1565.50022347 0.52004791 n2e5_w5_r2_Rg8_z0.001.out.snap0066.dat.gz 2.5 3.83 0.65
0067 1604.7758785 0.533095 n2e5_w5_r2_Rg8_z0.001.out.snap0067.dat.gz 2.3 3.92 0.59
0068 1672.88731764 0.55572113 n2e5_w5_r2_Rg8_z0.001.out.snap0068.dat.gz 2.75 3.92 0.7
0069 1715.12074293 0.56975077 n2e5_w5_r2_Rg8_z0.001.out.snap0069.dat.gz 2.65 4.03 0.66
0070 1766.27711887 0.58674455 n2e5_w5_r2_Rg8_z0.001.out.snap0070.dat.gz 2.44 3.99 0.61
0071 1815.36689375 0.60305182 n2e5_w5_r2_Rg8_z0.001.out.snap0071.dat.gz 2.52 4.15 0.61
0072 1861.31180822 0.61831439 n2e5_w5_r2_Rg8_z0.001.out.snap0072.dat.gz 2.46 4.13 0.59
0073 1945.16678522 0.64617041 n2e5_w5_r2_Rg8_z0.001.out.snap0073.dat.gz 2.6 4.19 0.62
0074 1985.69069125 0.65963216 n2e5_w5_r2_Rg8_z0.001.out.snap0074.dat.gz 2.65 4.14 0.64
0075 2055.29219878 0.68275328 n2e5_w5_r2_Rg8_z0.001.out.snap0075.dat.gz 2.8 4.3 0.65
0076 2110.88015776 0.7012192 n2e5_w5_r2_Rg8_z0.001.out.snap0076.dat.gz 2.67 4.24 0.63
0077 2214.07826896 0.73550087 n2e5_w5_r2_Rg8_z0.001.out.snap0077.dat.gz 2.49 4.31 0.58
0078 2257.7801487 0.75001832 n2e5_w5_r2_Rg8_z0.001.out.snap0078.dat.gz 2.74 4.43 0.62
0079 2261.15701293 0.75114009 n2e5_w5_r2_Rg8_z0.001.out.snap0079.dat.gz 2.68 4.43 0.6
0080 2298.15441271 0.76343036 n2e5_w5_r2_Rg8_z0.001.out.snap0080.dat.gz 2.85 4.35 0.66
0081 2329.31514182 0.77378173 n2e5_w5_r2_Rg8_z0.001.out.snap0081.dat.gz 2.59 4.42 0.59
0082 2379.49386262 0.79045074 n2e5_w5_r2_Rg8_z0.001.out.snap0082.dat.gz 2.71 4.42 0.61
0083 2407.36409301 0.79970903 n2e5_w5_r2_Rg8_z0.001.out.snap0083.dat.gz 2.98 4.54 0.66
0084 2484.56486207 0.82535457 n2e5_w5_r2_Rg8_z0.001.out.snap0084.dat.gz 2.67 4.51 0.59
0085 2519.58603001 0.83698835 n2e5_w5_r2_Rg8_z0.001.out.snap0085.dat.gz 3.19 4.54 0.7
0086 2663.78785895 0.88489116 n2e5_w5_r2_Rg8_z0.001.out.snap0086.dat.gz 3.01 4.62 0.65
0087 2746.56322196 0.91238854 n2e5_w5_r2_Rg8_z0.001.out.snap0087.dat.gz 3.1 4.65 0.67
0088 2820.16448501 0.93683835 n2e5_w5_r2_Rg8_z0.001.out.snap0088.dat.gz 2.91 4.71 0.62
0089 2872.02214043 0.95406509 n2e5_w5_r2_Rg8_z0.001.out.snap0089.dat.gz 2.92 4.76 0.61
0090 2947.52555183 0.97914678 n2e5_w5_r2_Rg8_z0.001.out.snap0090.dat.gz 3.01 4.79 0.63
0091 3010.31264326 1.0000042 n2e5_w5_r2_Rg8_z0.001.out.snap0091.dat.gz 3.08 4.84 0.64
0092 3067.36685916 1.0189572 n2e5_w5_r2_Rg8_z0.001.out.snap0092.dat.gz 3.23 4.78 0.68
0093 3143.90283357 1.0443819 n2e5_w5_r2_Rg8_z0.001.out.snap0093.dat.gz 3.05 4.92 0.62
0094 3190.29155657 1.0597919 n2e5_w5_r2_Rg8_z0.001.out.snap0094.dat.gz 2.96 4.9 0.6
0095 3249.36779098 1.0794166 n2e5_w5_r2_Rg8_z0.001.out.snap0095.dat.gz 3.07 4.98 0.62
0096 3299.79121907 1.0961669 n2e5_w5_r2_Rg8_z0.001.out.snap0096.dat.gz 3.09 5.03 0.61
0097 3328.63049513 1.1057471 n2e5_w5_r2_Rg8_z0.001.out.snap0097.dat.gz 3.22 4.99 0.65
0098 3379.98049356 1.1228052 n2e5_w5_r2_Rg8_z0.001.out.snap0098.dat.gz 3.19 4.95 0.64
0099 3424.00342179 1.1374293 n2e5_w5_r2_Rg8_z0.001.out.snap0099.dat.gz 3.07 5.03 0.61
0100 3500.4340357 1.162819 n2e5_w5_r2_Rg8_z0.001.out.snap0100.dat.gz 2.96 5.05 0.59
0101 3544.57496769 1.1774823 n2e5_w5_r2_Rg8_z0.001.out.snap0101.dat.gz 2.88 5.02 0.57
0102 3583.40482739 1.1903813 n2e5_w5_r2_Rg8_z0.001.out.snap0102.dat.gz 3.08 5.01 0.61
0103 3688.73552542 1.2253714 n2e5_w5_r2_Rg8_z0.001.out.snap0103.dat.gz 2.81 5.05 0.56
0104 3754.04518804 1.2470668 n2e5_w5_r2_Rg8_z0.001.out.snap0104.dat.gz 3.01 5.16 0.58
0105 3762.96892136 1.2500312 n2e5_w5_r2_Rg8_z0.001.out.snap0105.dat.gz 2.94 5.15 0.57
0106 3869.22739385 1.2853295 n2e5_w5_r2_Rg8_z0.001.out.snap0106.dat.gz 3.31 5.19 0.64
0107 3963.83871461 1.3167587 n2e5_w5_r2_Rg8_z0.001.out.snap0107.dat.gz 3.16 5.25 0.6
0108 4015.46265034 1.3339078 n2e5_w5_r2_Rg8_z0.001.out.snap0108.dat.gz 3.1 5.23 0.59
0109 4075.81495092 1.3539564 n2e5_w5_r2_Rg8_z0.001.out.snap0109.dat.gz 3.2 5.16 0.62
0110 4181.51862512 1.3890704 n2e5_w5_r2_Rg8_z0.001.out.snap0110.dat.gz 3.28 5.27 0.62
0111 4277.08812437 1.4208179 n2e5_w5_r2_Rg8_z0.001.out.snap0111.dat.gz 3.26 5.19 0.63
0112 4332.30304697 1.4391599 n2e5_w5_r2_Rg8_z0.001.out.snap0112.dat.gz 3.24 5.33 0.61
0113 4389.16249646 1.4580482 n2e5_w5_r2_Rg8_z0.001.out.snap0113.dat.gz 3.31 5.27 0.63
0114 4477.24778785 1.4873095 n2e5_w5_r2_Rg8_z0.001.out.snap0114.dat.gz 3.09 5.31 0.58
0115 4515.61947989 1.5000563 n2e5_w5_r2_Rg8_z0.001.out.snap0115.dat.gz 3.08 5.32 0.58
0116 4608.27530977 1.5308359 n2e5_w5_r2_Rg8_z0.001.out.snap0116.dat.gz 3.26 5.37 0.61
0117 4693.01826507 1.5589869 n2e5_w5_r2_Rg8_z0.001.out.snap0117.dat.gz 3.61 5.32 0.68
0118 4745.40741906 1.5763902 n2e5_w5_r2_Rg8_z0.001.out.snap0118.dat.gz 3.28 5.49 0.6
0119 4806.50416683 1.5966861 n2e5_w5_r2_Rg8_z0.001.out.snap0119.dat.gz 3.26 5.47 0.6
0120 4892.6315591 1.625297 n2e5_w5_r2_Rg8_z0.001.out.snap0120.dat.gz 3.49 5.48 0.64
0121 5017.05267664 1.6666288 n2e5_w5_r2_Rg8_z0.001.out.snap0121.dat.gz 3.1 5.6 0.55
0122 5111.1040816 1.697872 n2e5_w5_r2_Rg8_z0.001.out.snap0122.dat.gz 3.49 5.58 0.63
0123 5174.91310967 1.7190689 n2e5_w5_r2_Rg8_z0.001.out.snap0123.dat.gz 3.53 5.69 0.62
0124 5268.09243072 1.7500224 n2e5_w5_r2_Rg8_z0.001.out.snap0124.dat.gz 3.17 5.57 0.57
0125 5269.52563455 1.7504985 n2e5_w5_r2_Rg8_z0.001.out.snap0125.dat.gz 3.47 5.58 0.62
0126 5355.24452911 1.7789737 n2e5_w5_r2_Rg8_z0.001.out.snap0126.dat.gz 3.52 5.69 0.62
0127 5504.40940956 1.8285252 n2e5_w5_r2_Rg8_z0.001.out.snap0127.dat.gz 3.42 5.68 0.6
0128 5600.01653756 1.8602852 n2e5_w5_r2_Rg8_z0.001.out.snap0128.dat.gz 3.48 5.71 0.61
0129 5717.79512712 1.8994104 n2e5_w5_r2_Rg8_z0.001.out.snap0129.dat.gz 3.67 5.78 0.64
0130 5820.82655801 1.9336367 n2e5_w5_r2_Rg8_z0.001.out.snap0130.dat.gz 3.47 5.93 0.59
0131 5888.84850093 1.9562331 n2e5_w5_r2_Rg8_z0.001.out.snap0131.dat.gz 3.4 5.86 0.58
0132 5940.71025036 1.9734612 n2e5_w5_r2_Rg8_z0.001.out.snap0132.dat.gz 3.73 5.86 0.64
0133 6021.04943779 2.0001493 n2e5_w5_r2_Rg8_z0.001.out.snap0133.dat.gz 3.38 5.86 0.58
0134 6147.29419507 2.0420869 n2e5_w5_r2_Rg8_z0.001.out.snap0134.dat.gz 3.43 5.89 0.58
0135 6288.27256467 2.0889189 n2e5_w5_r2_Rg8_z0.001.out.snap0135.dat.gz 3.32 5.93 0.56
0136 6481.86285046 2.1532282 n2e5_w5_r2_Rg8_z0.001.out.snap0136.dat.gz 3.56 5.92 0.6
0137 6621.74065438 2.1996946 n2e5_w5_r2_Rg8_z0.001.out.snap0137.dat.gz 3.48 6.05 0.57
0138 6696.73204386 2.2246062 n2e5_w5_r2_Rg8_z0.001.out.snap0138.dat.gz 3.34 5.9 0.57
0139 6763.31416029 2.2467243 n2e5_w5_r2_Rg8_z0.001.out.snap0139.dat.gz 3.49 6.07 0.58
0140 6773.22858334 2.2500178 n2e5_w5_r2_Rg8_z0.001.out.snap0140.dat.gz 3.56 6.08 0.58
0141 6881.82666099 2.2860933 n2e5_w5_r2_Rg8_z0.001.out.snap0141.dat.gz 3.58 6.11 0.59
0142 6984.3866789 2.320163 n2e5_w5_r2_Rg8_z0.001.out.snap0142.dat.gz 3.45 6.03 0.57
0143 7084.24585565 2.3533355 n2e5_w5_r2_Rg8_z0.001.out.snap0143.dat.gz 3.44 6.11 0.56
0144 7191.41072947 2.3889349 n2e5_w5_r2_Rg8_z0.001.out.snap0144.dat.gz 3.61 6.15 0.59
0145 7267.49365373 2.4142091 n2e5_w5_r2_Rg8_z0.001.out.snap0145.dat.gz 3.41 6.11 0.56
0146 7374.35809961 2.4497087 n2e5_w5_r2_Rg8_z0.001.out.snap0146.dat.gz 3.58 6.21 0.58
0147 7431.8135885 2.468795 n2e5_w5_r2_Rg8_z0.001.out.snap0147.dat.gz 3.52 6.14 0.57
0148 7525.7530103 2.500001 n2e5_w5_r2_Rg8_z0.001.out.snap0148.dat.gz 3.54 6.15 0.58
0149 7562.46181262 2.5121954 n2e5_w5_r2_Rg8_z0.001.out.snap0149.dat.gz 3.59 6.12 0.59
0150 7745.0864786 2.572862 n2e5_w5_r2_Rg8_z0.001.out.snap0150.dat.gz 3.56 6.18 0.58
0151 7984.6220702 2.652434 n2e5_w5_r2_Rg8_z0.001.out.snap0151.dat.gz -4.01 6.22 -0.64
0152 8139.25636472 2.7038024 n2e5_w5_r2_Rg8_z0.001.out.snap0152.dat.gz 3.76 6.27 0.6
0153 8277.43184399 2.7497033 n2e5_w5_r2_Rg8_z0.001.out.snap0153.dat.gz 3.52 6.27 0.56
0154 8278.41290076 2.7500292 n2e5_w5_r2_Rg8_z0.001.out.snap0154.dat.gz 3.56 6.28 0.57
0155 8359.53446516 2.7769772 n2e5_w5_r2_Rg8_z0.001.out.snap0155.dat.gz 3.38 6.26 0.54
0156 8499.80631735 2.8235745 n2e5_w5_r2_Rg8_z0.001.out.snap0156.dat.gz 3.56 6.34 0.56
0157 8623.06545909 2.8645203 n2e5_w5_r2_Rg8_z0.001.out.snap0157.dat.gz 3.71 6.3 0.59
0158 8760.65302677 2.9102259 n2e5_w5_r2_Rg8_z0.001.out.snap0158.dat.gz 3.61 6.35 0.57
0159 8918.20791435 2.9625645 n2e5_w5_r2_Rg8_z0.001.out.snap0159.dat.gz 3.24 6.22 0.52
0160 9031.02763672 3.0000424 n2e5_w5_r2_Rg8_z0.001.out.snap0160.dat.gz 3.62 6.35 0.57
0161 9059.65709487 3.0095529 n2e5_w5_r2_Rg8_z0.001.out.snap0161.dat.gz 3.58 6.41 0.56
0162 9204.20778748 3.0575716 n2e5_w5_r2_Rg8_z0.001.out.snap0162.dat.gz -3.85 6.43 -0.6
0163 9304.52543292 3.0908964 n2e5_w5_r2_Rg8_z0.001.out.snap0163.dat.gz 3.58 6.44 0.56
0164 9391.07155792 3.1196464 n2e5_w5_r2_Rg8_z0.001.out.snap0164.dat.gz 3.5 6.49 0.54
0165 9555.53026752 3.1742784 n2e5_w5_r2_Rg8_z0.001.out.snap0165.dat.gz 3.53 6.35 0.56
0166 9643.71760808 3.2035736 n2e5_w5_r2_Rg8_z0.001.out.snap0166.dat.gz 3.46 6.26 0.55
0167 9736.89421986 3.2345262 n2e5_w5_r2_Rg8_z0.001.out.snap0167.dat.gz 3.39 6.45 0.53
0168 9783.55958943 3.2500281 n2e5_w5_r2_Rg8_z0.001.out.snap0168.dat.gz 3.76 6.41 0.59
0169 9846.73615347 3.2710149 n2e5_w5_r2_Rg8_z0.001.out.snap0169.dat.gz 3.57 6.45 0.55
0170 9915.12715917 3.2937339 n2e5_w5_r2_Rg8_z0.001.out.snap0170.dat.gz 3.53 6.42 0.55
0171 10034.313064 3.3333266 n2e5_w5_r2_Rg8_z0.001.out.snap0171.dat.gz 3.52 6.5 0.54
0172 10110.2436671 3.3585502 n2e5_w5_r2_Rg8_z0.001.out.snap0172.dat.gz 3.49 6.5 0.54
0173 10278.7415972 3.414524 n2e5_w5_r2_Rg8_z0.001.out.snap0173.dat.gz 3.63 6.5 0.56
0174 10482.1048219 3.4820798 n2e5_w5_r2_Rg8_z0.001.out.snap0174.dat.gz 3.73 6.59 0.57
0175 10536.1782388 3.5000426 n2e5_w5_r2_Rg8_z0.001.out.snap0175.dat.gz 3.69 6.53 0.56
0176 10700.7895706 3.5547253 n2e5_w5_r2_Rg8_z0.001.out.snap0176.dat.gz 3.73 6.59 0.57
0177 10850.3599384 3.6044115 n2e5_w5_r2_Rg8_z0.001.out.snap0177.dat.gz 3.67 6.64 0.55
0178 10938.7254888 3.6337659 n2e5_w5_r2_Rg8_z0.001.out.snap0178.dat.gz 3.52 6.55 0.54
0179 11042.232246 3.6681501 n2e5_w5_r2_Rg8_z0.001.out.snap0179.dat.gz 3.66 6.59 0.56
0180 11131.6501972 3.6978541 n2e5_w5_r2_Rg8_z0.001.out.snap0180.dat.gz 3.68 6.58 0.56
0181 11251.7810352 3.7377607 n2e5_w5_r2_Rg8_z0.001.out.snap0181.dat.gz 3.21 6.45 0.5
0182 11288.6993544 3.7500247 n2e5_w5_r2_Rg8_z0.001.out.snap0182.dat.gz 3.69 6.58 0.56
0183 11366.5649783 3.7758911 n2e5_w5_r2_Rg8_z0.001.out.snap0183.dat.gz -3.83 6.58 -0.58
0184 11559.46139 3.8399699 n2e5_w5_r2_Rg8_z0.001.out.snap0184.dat.gz 3.7 6.66 0.56
0185 11691.8992374 3.8839648 n2e5_w5_r2_Rg8_z0.001.out.snap0185.dat.gz 3.53 6.65 0.53
0186 11820.1064093 3.9265543 n2e5_w5_r2_Rg8_z0.001.out.snap0186.dat.gz 3.75 6.58 0.57
0187 11960.7732128 3.9732828 n2e5_w5_r2_Rg8_z0.001.out.snap0187.dat.gz 3.49 6.58 0.53
0188 12000.0362547 3.9863257 n2e5_w5_r2_Rg8_z0.001.out.snap0188.dat.gz 3.35 6.54 0.51
