#snapno  time[Myr] time[FP]
0000 0.0 0.0
0001 100.930027759 0.033528229
0002 107.832230237 0.035821091
0003 120.554113253 0.040047209
0004 131.798486843 0.043782509
0005 138.701619504 0.04607568
0006 153.585638453 0.051020044
0007 168.715632026 0.056046119
0008 177.464478957 0.058952423
0009 199.108171711 0.066142302
0010 216.300922183 0.07185361
0011 223.791243962 0.074341841
0012 234.485268486 0.077894319
0013 243.016693489 0.080728397
0014 254.509744952 0.084546306
0015 264.494621063 0.08786321
0016 303.065414345 0.10067615
0017 330.764900516 0.10987772
0018 346.51171961 0.1151087
0019 357.349190949 0.11870883
0020 366.49740234 0.1217478
0021 381.350884806 0.12668202
0022 396.475504993 0.13170631
0023 409.955086539 0.13618413
0024 428.628278469 0.14238723
0025 452.06307263 0.1501721
0026 462.434489323 0.15361741
0027 476.104773374 0.15815858
0028 490.544249281 0.16295527
0029 505.15904506 0.1678102
0030 534.5871358 0.177586
0031 552.261480087 0.18345729
0032 571.489470307 0.18984469
0033 585.985329133 0.19466011
0034 597.983030298 0.19864566
0035 637.628470577 0.21181559
0036 660.031785443 0.21925781
0037 681.67882264 0.2264488
0038 709.556458365 0.23570955
0039 743.416433177 0.24695759
0040 752.627740456 0.25001752
0041 786.884773838 0.26139746
0042 804.281959804 0.26717668
0043 829.05407974 0.2754058
0044 872.728866775 0.28991425
0045 891.646765992 0.29619864
0046 936.92306273 0.3112391
0047 968.409265477 0.32169859
0048 987.487312654 0.32803618
0049 1007.67513703 0.33474243
0050 1030.71239097 0.34239524
0051 1043.2796409 0.34656999
0052 1078.73128173 0.35834677
0053 1107.96535864 0.36805812
0054 1141.36599177 0.37915357
0055 1170.6123808 0.38886901
0056 1240.2335155 0.41199665
0057 1275.50839151 0.42371471
0058 1301.134955 0.43222767
0059 1329.700655 0.44171699
0060 1401.00716635 0.4654045
0061 1441.65858868 0.47890861
0062 1478.81508282 0.49125173
0063 1505.18215 0.50001068
0064 1517.68061457 0.50416258
0065 1546.19420628 0.51363459
0066 1565.50022347 0.52004791
0067 1604.7758785 0.533095
0068 1672.88731764 0.55572113
0069 1715.12074293 0.56975077
0070 1766.27711887 0.58674455
0071 1815.36689375 0.60305182
0072 1861.31180822 0.61831439
0073 1945.16678522 0.64617041
0074 1985.69069125 0.65963216
0075 2055.29219878 0.68275328
0076 2110.88015776 0.7012192
0077 2214.07826896 0.73550087
0078 2257.7801487 0.75001832
0079 2261.15701293 0.75114009
0080 2298.15441271 0.76343036
0081 2329.31514182 0.77378173
0082 2379.49386262 0.79045074
0083 2407.36409301 0.79970903
0084 2484.56486207 0.82535457
0085 2519.58603001 0.83698835
0086 2663.78785895 0.88489116
0087 2746.56322196 0.91238854
0088 2820.16448501 0.93683835
0089 2872.02214043 0.95406509
0090 2947.52555183 0.97914678
0091 3010.31264326 1.0000042
0092 3067.36685916 1.0189572
0093 3143.90283357 1.0443819
0094 3190.29155657 1.0597919
0095 3249.36779098 1.0794166
0096 3299.79121907 1.0961669
0097 3328.63049513 1.1057471
0098 3379.98049356 1.1228052
0099 3424.00342179 1.1374293
0100 3500.4340357 1.162819
0101 3544.57496769 1.1774823
0102 3583.40482739 1.1903813
0103 3688.73552542 1.2253714
0104 3754.04518804 1.2470668
0105 3762.96892136 1.2500312
0106 3869.22739385 1.2853295
0107 3963.83871461 1.3167587
0108 4015.46265034 1.3339078
0109 4075.81495092 1.3539564
0110 4181.51862512 1.3890704
0111 4277.08812437 1.4208179
0112 4332.30304697 1.4391599
0113 4389.16249646 1.4580482
0114 4477.24778785 1.4873095
0115 4515.61947989 1.5000563
0116 4608.27530977 1.5308359
0117 4693.01826507 1.5589869
0118 4745.40741906 1.5763902
0119 4806.50416683 1.5966861
0120 4892.6315591 1.625297
0121 5017.05267664 1.6666288
0122 5111.1040816 1.697872
0123 5174.91310967 1.7190689
0124 5268.09243072 1.7500224
0125 5269.52563455 1.7504985
0126 5355.24452911 1.7789737
0127 5504.40940956 1.8285252
0128 5600.01653756 1.8602852
0129 5717.79512712 1.8994104
0130 5820.82655801 1.9336367
0131 5888.84850093 1.9562331
0132 5940.71025036 1.9734612
0133 6021.04943779 2.0001493
0134 6147.29419507 2.0420869
0135 6288.27256467 2.0889189
0136 6481.86285046 2.1532282
0137 6621.74065438 2.1996946
0138 6696.73204386 2.2246062
0139 6763.31416029 2.2467243
0140 6773.22858334 2.2500178
0141 6881.82666099 2.2860933
0142 6984.3866789 2.320163
0143 7084.24585565 2.3533355
0144 7191.41072947 2.3889349
0145 7267.49365373 2.4142091
0146 7374.35809961 2.4497087
0147 7431.8135885 2.468795
0148 7525.7530103 2.500001
0149 7562.46181262 2.5121954
0150 7745.0864786 2.572862
0151 7984.6220702 2.652434
0152 8139.25636472 2.7038024
0153 8277.43184399 2.7497033
0154 8278.41290076 2.7500292
0155 8359.53446516 2.7769772
0156 8499.80631735 2.8235745
0157 8623.06545909 2.8645203
0158 8760.65302677 2.9102259
0159 8918.20791435 2.9625645
0160 9031.02763672 3.0000424
0161 9059.65709487 3.0095529
0162 9204.20778748 3.0575716
0163 9304.52543292 3.0908964
0164 9391.07155792 3.1196464
0165 9555.53026752 3.1742784
0166 9643.71760808 3.2035736
0167 9736.89421986 3.2345262
0168 9783.55958943 3.2500281
0169 9846.73615347 3.2710149
0170 9915.12715917 3.2937339
0171 10034.313064 3.3333266
0172 10110.2436671 3.3585502
0173 10278.7415972 3.414524
0174 10482.1048219 3.4820798
0175 10536.1782388 3.5000426
0176 10700.7895706 3.5547253
0177 10850.3599384 3.6044115
0178 10938.7254888 3.6337659
0179 11042.232246 3.6681501
0180 11131.6501972 3.6978541
0181 11251.7810352 3.7377607
0182 11288.6993544 3.7500247
0183 11366.5649783 3.7758911
0184 11559.46139 3.8399699
0185 11691.8992374 3.8839648
0186 11820.1064093 3.9265543
0187 11960.7732128 3.9732828
0188 12000.0362547 3.9863257
